2.1c 0 0 0 559 231 1132 290 0 0 0 0 0 0 0
2.1d 0 0 0 560 298 1071 353 0 0 0 0 0 0 0
2.1e 0 0 0 558 350 1124 385 0 0 0 0 0 0 0
2.1f 0 0 0 535 413 1070 476 0 0 0 0 0 0 0
2.1g 0 0 0 580 466 1134 506 0 0 0 0 0 0 0
2.7a 0 0 0 690 602 844 641 0 0 0 0 0 0 0
2.7b 0 0 0 752 667 917 715 0 0 0 0 0 0 0
2.7d 0 0 0 970 755 1104 791 0 0 0 0 0 0 0
2.21a 0 0 0 163 810 419 917 0 0 0 0 0 0 0
2.21b 0 0 0 447 810 723 930 0 0 0 0 0 0 0
2.21c 0 0 0 736 810 1021 945 0 0 0 0 0 0 0
2.21d 0 0 0 160 932 424 1074 0 0 0 0 0 0 0
2.21e 0 0 0 446 948 722 1081 0 0 0 0 0 0 0
2.1 0 0 0 160 195 1147 517 0 0 0 0 0 0 0
2.7 0 0 0 157 518 1147 796 0 0 0 0 0 0 0
2.7 0 0 0 153 767 1152 1080 0 0 0 0 0 0 0
